1000 1000 10000
0 1
0 2
0 3
0 4
0 5
0 6
0 7
0 8
0 9
1 10
1 11
1 12
1 13
1 14
1 15
1 16
1 17
1 18
1 19
2 20
2 21
2 22
2 23
2 24
2 25
2 26
2 27
2 28
2 29
3 30
3 31
3 32
3 33
3 34
3 35
3 36
3 37
3 38
3 39
4 40
4 41
4 42
4 43
4 44
4 45
4 46
4 47
4 48
4 49
5 50
5 51
5 52
5 53
5 54
5 55
5 56
5 57
5 58
5 59
6 60
6 61
6 62
6 63
6 64
6 65
6 66
6 67
6 68
6 69
7 70
7 71
7 72
7 73
7 74
7 75
7 76
7 77
7 78
7 79
8 80
8 81
8 82
8 83
8 84
8 85
8 86
8 87
8 88
8 89
9 90
9 91
9 92
9 93
9 94
9 95
9 96
9 97
9 98
9 99
10 100
10 101
10 102
10 103
10 104
10 105
10 106
10 107
10 108
10 109
11 110
11 111
11 112
11 113
11 114
11 115
11 116
11 117
11 118
11 119
12 120
12 121
12 122
12 123
12 124
12 125
12 126
12 127
12 128
12 129
13 130
13 131
13 132
13 133
13 134
13 135
13 136
13 137
13 138
13 139
14 140
14 141
14 142
14 143
14 144
14 145
14 146
14 147
14 148
14 149
15 150
15 151
15 152
15 153
15 154
15 155
15 156
15 157
15 158
15 159
16 160
16 161
16 162
16 163
16 164
16 165
16 166
16 167
16 168
16 169
17 170
17 171
17 172
17 173
17 174
17 175
17 176
17 177
17 178
17 179
18 180
18 181
18 182
18 183
18 184
18 185
18 186
18 187
18 188
18 189
19 190
19 191
19 192
19 193
19 194
19 195
19 196
19 197
19 198
19 199
20 200
20 201
20 202
20 203
20 204
20 205
20 206
20 207
20 208
20 209
21 210
21 211
21 212
21 213
21 214
21 215
21 216
21 217
21 218
21 219
22 220
22 221
22 222
22 223
22 224
22 225
22 226
22 227
22 228
22 229
23 230
23 231
23 232
23 233
23 234
23 235
23 236
23 237
23 238
23 239
24 240
24 241
24 242
24 243
24 244
24 245
24 246
24 247
24 248
24 249
25 250
25 251
25 252
25 253
25 254
25 255
25 256
25 257
25 258
25 259
26 260
26 261
26 262
26 263
26 264
26 265
26 266
26 267
26 268
26 269
27 270
27 271
27 272
27 273
27 274
27 275
27 276
27 277
27 278
27 279
28 280
28 281
28 282
28 283
28 284
28 285
28 286
28 287
28 288
28 289
29 290
29 291
29 292
29 293
29 294
29 295
29 296
29 297
29 298
29 299
30 300
30 301
30 302
30 303
30 304
30 305
30 306
30 307
30 308
30 309
31 310
31 311
31 312
31 313
31 314
31 315
31 316
31 317
31 318
31 319
32 320
32 321
32 322
32 323
32 324
32 325
32 326
32 327
32 328
32 329
33 330
33 331
33 332
33 333
33 334
33 335
33 336
33 337
33 338
33 339
34 340
34 341
34 342
34 343
34 344
34 345
34 346
34 347
34 348
34 349
35 350
35 351
35 352
35 353
35 354
35 355
35 356
35 357
35 358
35 359
36 360
36 361
36 362
36 363
36 364
36 365
36 366
36 367
36 368
36 369
37 370
37 371
37 372
37 373
37 374
37 375
37 376
37 377
37 378
37 379
38 380
38 381
38 382
38 383
38 384
38 385
38 386
38 387
38 388
38 389
39 390
39 391
39 392
39 393
39 394
39 395
39 396
39 397
39 398
39 399
40 400
40 401
40 402
40 403
40 404
40 405
40 406
40 407
40 408
40 409
41 410
41 411
41 412
41 413
41 414
41 415
41 416
41 417
41 418
41 419
42 420
42 421
42 422
42 423
42 424
42 425
42 426
42 427
42 428
42 429
43 430
43 431
43 432
43 433
43 434
43 435
43 436
43 437
43 438
43 439
44 440
44 441
44 442
44 443
44 444
44 445
44 446
44 447
44 448
44 449
45 450
45 451
45 452
45 453
45 454
45 455
45 456
45 457
45 458
45 459
46 460
46 461
46 462
46 463
46 464
46 465
46 466
46 467
46 468
46 469
47 470
47 471
47 472
47 473
47 474
47 475
47 476
47 477
47 478
47 479
48 480
48 481
48 482
48 483
48 484
48 485
48 486
48 487
48 488
48 489
49 490
49 491
49 492
49 493
49 494
49 495
49 496
49 497
49 498
49 499
50 500
50 501
50 502
50 503
50 504
50 505
50 506
50 507
50 508
50 509
51 510
51 511
51 512
51 513
51 514
51 515
51 516
51 517
51 518
51 519
52 520
52 521
52 522
52 523
52 524
52 525
52 526
52 527
52 528
52 529
53 530
53 531
53 532
53 533
53 534
53 535
53 536
53 537
53 538
53 539
54 540
54 541
54 542
54 543
54 544
54 545
54 546
54 547
54 548
54 549
55 550
55 551
55 552
55 553
55 554
55 555
55 556
55 557
55 558
55 559
56 560
56 561
56 562
56 563
56 564
56 565
56 566
56 567
56 568
56 569
57 570
57 571
57 572
57 573
57 574
57 575
57 576
57 577
57 578
57 579
58 580
58 581
58 582
58 583
58 584
58 585
58 586
58 587
58 588
58 589
59 590
59 591
59 592
59 593
59 594
59 595
59 596
59 597
59 598
59 599
60 600
60 601
60 602
60 603
60 604
60 605
60 606
60 607
60 608
60 609
61 610
61 611
61 612
61 613
61 614
61 615
61 616
61 617
61 618
61 619
62 620
62 621
62 622
62 623
62 624
62 625
62 626
62 627
62 628
62 629
63 630
63 631
63 632
63 633
63 634
63 635
63 636
63 637
63 638
63 639
64 640
64 641
64 642
64 643
64 644
64 645
64 646
64 647
64 648
64 649
65 650
65 651
65 652
65 653
65 654
65 655
65 656
65 657
65 658
65 659
66 660
66 661
66 662
66 663
66 664
66 665
66 666
66 667
66 668
66 669
67 670
67 671
67 672
67 673
67 674
67 675
67 676
67 677
67 678
67 679
68 680
68 681
68 682
68 683
68 684
68 685
68 686
68 687
68 688
68 689
69 690
69 691
69 692
69 693
69 694
69 695
69 696
69 697
69 698
69 699
70 700
70 701
70 702
70 703
70 704
70 705
70 706
70 707
70 708
70 709
71 710
71 711
71 712
71 713
71 714
71 715
71 716
71 717
71 718
71 719
72 720
72 721
72 722
72 723
72 724
72 725
72 726
72 727
72 728
72 729
73 730
73 731
73 732
73 733
73 734
73 735
73 736
73 737
73 738
73 739
74 740
74 741
74 742
74 743
74 744
74 745
74 746
74 747
74 748
74 749
75 750
75 751
75 752
75 753
75 754
75 755
75 756
75 757
75 758
75 759
76 760
76 761
76 762
76 763
76 764
76 765
76 766
76 767
76 768
76 769
77 770
77 771
77 772
77 773
77 774
77 775
77 776
77 777
77 778
77 779
78 780
78 781
78 782
78 783
78 784
78 785
78 786
78 787
78 788
78 789
79 790
79 791
79 792
79 793
79 794
79 795
79 796
79 797
79 798
79 799
80 800
80 801
80 802
80 803
80 804
80 805
80 806
80 807
80 808
80 809
81 810
81 811
81 812
81 813
81 814
81 815
81 816
81 817
81 818
81 819
82 820
82 821
82 822
82 823
82 824
82 825
82 826
82 827
82 828
82 829
83 830
83 831
83 832
83 833
83 834
83 835
83 836
83 837
83 838
83 839
84 840
84 841
84 842
84 843
84 844
84 845
84 846
84 847
84 848
84 849
85 850
85 851
85 852
85 853
85 854
85 855
85 856
85 857
85 858
85 859
86 860
86 861
86 862
86 863
86 864
86 865
86 866
86 867
86 868
86 869
87 870
87 871
87 872
87 873
87 874
87 875
87 876
87 877
87 878
87 879
88 880
88 881
88 882
88 883
88 884
88 885
88 886
88 887
88 888
88 889
89 890
89 891
89 892
89 893
89 894
89 895
89 896
89 897
89 898
89 899
90 900
90 901
90 902
90 903
90 904
90 905
90 906
90 907
90 908
90 909
91 910
91 911
91 912
91 913
91 914
91 915
91 916
91 917
91 918
91 919
92 920
92 921
92 922
92 923
92 924
92 925
92 926
92 927
92 928
92 929
93 930
93 931
93 932
93 933
93 934
93 935
93 936
93 937
93 938
93 939
94 940
94 941
94 942
94 943
94 944
94 945
94 946
94 947
94 948
94 949
95 950
95 951
95 952
95 953
95 954
95 955
95 956
95 957
95 958
95 959
96 960
96 961
96 962
96 963
96 964
96 965
96 966
96 967
96 968
96 969
97 970
97 971
97 972
97 973
97 974
97 975
97 976
97 977
97 978
97 979
98 980
98 981
98 982
98 983
98 984
98 985
98 986
98 987
98 988
98 989
99 990
99 991
99 992
99 993
99 994
99 995
99 996
99 997
99 998
99 999
100 1000
100 1
100 2
100 3
100 4
100 5
100 6
100 7
100 8
100 9
101 10
101 11
101 12
101 13
101 14
101 15
101 16
101 17
101 18
101 19
102 20
102 21
102 22
102 23
102 24
102 25
102 26
102 27
102 28
102 29
103 30
103 31
103 32
103 33
103 34
103 35
103 36
103 37
103 38
103 39
104 40
104 41
104 42
104 43
104 44
104 45
104 46
104 47
104 48
104 49
105 50
105 51
105 52
105 53
105 54
105 55
105 56
105 57
105 58
105 59
106 60
106 61
106 62
106 63
106 64
106 65
106 66
106 67
106 68
106 69
107 70
107 71
107 72
107 73
107 74
107 75
107 76
107 77
107 78
107 79
108 80
108 81
108 82
108 83
108 84
108 85
108 86
108 87
108 88
108 89
109 90
109 91
109 92
109 93
109 94
109 95
109 96
109 97
109 98
109 99
110 100
110 101
110 102
110 103
110 104
110 105
110 106
110 107
110 108
110 109
111 110
111 111
111 112
111 113
111 114
111 115
111 116
111 117
111 118
111 119
112 120
112 121
112 122
112 123
112 124
112 125
112 126
112 127
112 128
112 129
113 130
113 131
113 132
113 133
113 134
113 135
113 136
113 137
113 138
113 139
114 140
114 141
114 142
114 143
114 144
114 145
114 146
114 147
114 148
114 149
115 150
115 151
115 152
115 153
115 154
115 155
115 156
115 157
115 158
115 159
116 160
116 161
116 162
116 163
116 164
116 165
116 166
116 167
116 168
116 169
117 170
117 171
117 172
117 173
117 174
117 175
117 176
117 177
117 178
117 179
118 180
118 181
118 182
118 183
118 184
118 185
118 186
118 187
118 188
118 189
119 190
119 191
119 192
119 193
119 194
119 195
119 196
119 197
119 198
119 199
120 200
120 201
120 202
120 203
120 204
120 205
120 206
120 207
120 208
120 209
121 210
121 211
121 212
121 213
121 214
121 215
121 216
121 217
121 218
121 219
122 220
122 221
122 222
122 223
122 224
122 225
122 226
122 227
122 228
122 229
123 230
123 231
123 232
123 233
123 234
123 235
123 236
123 237
123 238
123 239
124 240
124 241
124 242
124 243
124 244
124 245
124 246
124 247
124 248
124 249
125 250
125 251
125 252
125 253
125 254
125 255
125 256
125 257
125 258
125 259
126 260
126 261
126 262
126 263
126 264
126 265
126 266
126 267
126 268
126 269
127 270
127 271
127 272
127 273
127 274
127 275
127 276
127 277
127 278
127 279
128 280
128 281
128 282
128 283
128 284
128 285
128 286
128 287
128 288
128 289
129 290
129 291
129 292
129 293
129 294
129 295
129 296
129 297
129 298
129 299
130 300
130 301
130 302
130 303
130 304
130 305
130 306
130 307
130 308
130 309
131 310
131 311
131 312
131 313
131 314
131 315
131 316
131 317
131 318
131 319
132 320
132 321
132 322
132 323
132 324
132 325
132 326
132 327
132 328
132 329
133 330
133 331
133 332
133 333
133 334
133 335
133 336
133 337
133 338
133 339
134 340
134 341
134 342
134 343
134 344
134 345
134 346
134 347
134 348
134 349
135 350
135 351
135 352
135 353
135 354
135 355
135 356
135 357
135 358
135 359
136 360
136 361
136 362
136 363
136 364
136 365
136 366
136 367
136 368
136 369
137 370
137 371
137 372
137 373
137 374
137 375
137 376
137 377
137 378
137 379
138 380
138 381
138 382
138 383
138 384
138 385
138 386
138 387
138 388
138 389
139 390
139 391
139 392
139 393
139 394
139 395
139 396
139 397
139 398
139 399
140 400
140 401
140 402
140 403
140 404
140 405
140 406
140 407
140 408
140 409
141 410
141 411
141 412
141 413
141 414
141 415
141 416
141 417
141 418
141 419
142 420
142 421
142 422
142 423
142 424
142 425
142 426
142 427
142 428
142 429
143 430
143 431
143 432
143 433
143 434
143 435
143 436
143 437
143 438
143 439
144 440
144 441
144 442
144 443
144 444
144 445
144 446
144 447
144 448
144 449
145 450
145 451
145 452
145 453
145 454
145 455
145 456
145 457
145 458
145 459
146 460
146 461
146 462
146 463
146 464
146 465
146 466
146 467
146 468
146 469
147 470
147 471
147 472
147 473
147 474
147 475
147 476
147 477
147 478
147 479
148 480
148 481
148 482
148 483
148 484
148 485
148 486
148 487
148 488
148 489
149 490
149 491
149 492
149 493
149 494
149 495
149 496
149 497
149 498
149 499
150 500
150 501
150 502
150 503
150 504
150 505
150 506
150 507
150 508
150 509
151 510
151 511
151 512
151 513
151 514
151 515
151 516
151 517
151 518
151 519
152 520
152 521
152 522
152 523
152 524
152 525
152 526
152 527
152 528
152 529
153 530
153 531
153 532
153 533
153 534
153 535
153 536
153 537
153 538
153 539
154 540
154 541
154 542
154 543
154 544
154 545
154 546
154 547
154 548
154 549
155 550
155 551
155 552
155 553
155 554
155 555
155 556
155 557
155 558
155 559
156 560
156 561
156 562
156 563
156 564
156 565
156 566
156 567
156 568
156 569
157 570
157 571
157 572
157 573
157 574
157 575
157 576
157 577
157 578
157 579
158 580
158 581
158 582
158 583
158 584
158 585
158 586
158 587
158 588
158 589
159 590
159 591
159 592
159 593
159 594
159 595
159 596
159 597
159 598
159 599
160 600
160 601
160 602
160 603
160 604
160 605
160 606
160 607
160 608
160 609
161 610
161 611
161 612
161 613
161 614
161 615
161 616
161 617
161 618
161 619
162 620
162 621
162 622
162 623
162 624
162 625
162 626
162 627
162 628
162 629
163 630
163 631
163 632
163 633
163 634
163 635
163 636
163 637
163 638
163 639
164 640
164 641
164 642
164 643
164 644
164 645
164 646
164 647
164 648
164 649
165 650
165 651
165 652
165 653
165 654
165 655
165 656
165 657
165 658
165 659
166 660
166 661
166 662
166 663
166 664
166 665
166 666
166 667
166 668
166 669
167 670
167 671
167 672
167 673
167 674
167 675
167 676
167 677
167 678
167 679
168 680
168 681
168 682
168 683
168 684
168 685
168 686
168 687
168 688
168 689
169 690
169 691
169 692
169 693
169 694
169 695
169 696
169 697
169 698
169 699
170 700
170 701
170 702
170 703
170 704
170 705
170 706
170 707
170 708
170 709
171 710
171 711
171 712
171 713
171 714
171 715
171 716
171 717
171 718
171 719
172 720
172 721
172 722
172 723
172 724
172 725
172 726
172 727
172 728
172 729
173 730
173 731
173 732
173 733
173 734
173 735
173 736
173 737
173 738
173 739
174 740
174 741
174 742
174 743
174 744
174 745
174 746
174 747
174 748
174 749
175 750
175 751
175 752
175 753
175 754
175 755
175 756
175 757
175 758
175 759
176 760
176 761
176 762
176 763
176 764
176 765
176 766
176 767
176 768
176 769
177 770
177 771
177 772
177 773
177 774
177 775
177 776
177 777
177 778
177 779
178 780
178 781
178 782
178 783
178 784
178 785
178 786
178 787
178 788
178 789
179 790
179 791
179 792
179 793
179 794
179 795
179 796
179 797
179 798
179 799
180 800
180 801
180 802
180 803
180 804
180 805
180 806
180 807
180 808
180 809
181 810
181 811
181 812
181 813
181 814
181 815
181 816
181 817
181 818
181 819
182 820
182 821
182 822
182 823
182 824
182 825
182 826
182 827
182 828
182 829
183 830
183 831
183 832
183 833
183 834
183 835
183 836
183 837
183 838
183 839
184 840
184 841
184 842
184 843
184 844
184 845
184 846
184 847
184 848
184 849
185 850
185 851
185 852
185 853
185 854
185 855
185 856
185 857
185 858
185 859
186 860
186 861
186 862
186 863
186 864
186 865
186 866
186 867
186 868
186 869
187 870
187 871
187 872
187 873
187 874
187 875
187 876
187 877
187 878
187 879
188 880
188 881
188 882
188 883
188 884
188 885
188 886
188 887
188 888
188 889
189 890
189 891
189 892
189 893
189 894
189 895
189 896
189 897
189 898
189 899
190 900
190 901
190 902
190 903
190 904
190 905
190 906
190 907
190 908
190 909
191 910
191 911
191 912
191 913
191 914
191 915
191 916
191 917
191 918
191 919
192 920
192 921
192 922
192 923
192 924
192 925
192 926
192 927
192 928
192 929
193 930
193 931
193 932
193 933
193 934
193 935
193 936
193 937
193 938
193 939
194 940
194 941
194 942
194 943
194 944
194 945
194 946
194 947
194 948
194 949
195 950
195 951
195 952
195 953
195 954
195 955
195 956
195 957
195 958
195 959
196 960
196 961
196 962
196 963
196 964
196 965
196 966
196 967
196 968
196 969
197 970
197 971
197 972
197 973
197 974
197 975
197 976
197 977
197 978
197 979
198 980
198 981
198 982
198 983
198 984
198 985
198 986
198 987
198 988
198 989
199 990
199 991
199 992
199 993
199 994
199 995
199 996
199 997
199 998
199 999
200 1000
200 1
200 2
200 3
200 4
200 5
200 6
200 7
200 8
200 9
201 10
201 11
201 12
201 13
201 14
201 15
201 16
201 17
201 18
201 19
202 20
202 21
202 22
202 23
202 24
202 25
202 26
202 27
202 28
202 29
203 30
203 31
203 32
203 33
203 34
203 35
203 36
203 37
203 38
203 39
204 40
204 41
204 42
204 43
204 44
204 45
204 46
204 47
204 48
204 49
205 50
205 51
205 52
205 53
205 54
205 55
205 56
205 57
205 58
205 59
206 60
206 61
206 62
206 63
206 64
206 65
206 66
206 67
206 68
206 69
207 70
207 71
207 72
207 73
207 74
207 75
207 76
207 77
207 78
207 79
208 80
208 81
208 82
208 83
208 84
208 85
208 86
208 87
208 88
208 89
209 90
209 91
209 92
209 93
209 94
209 95
209 96
209 97
209 98
209 99
210 100
210 101
210 102
210 103
210 104
210 105
210 106
210 107
210 108
210 109
211 110
211 111
211 112
211 113
211 114
211 115
211 116
211 117
211 118
211 119
212 120
212 121
212 122
212 123
212 124
212 125
212 126
212 127
212 128
212 129
213 130
213 131
213 132
213 133
213 134
213 135
213 136
213 137
213 138
213 139
214 140
214 141
214 142
214 143
214 144
214 145
214 146
214 147
214 148
214 149
215 150
215 151
215 152
215 153
215 154
215 155
215 156
215 157
215 158
215 159
216 160
216 161
216 162
216 163
216 164
216 165
216 166
216 167
216 168
216 169
217 170
217 171
217 172
217 173
217 174
217 175
217 176
217 177
217 178
217 179
218 180
218 181
218 182
218 183
218 184
218 185
218 186
218 187
218 188
218 189
219 190
219 191
219 192
219 193
219 194
219 195
219 196
219 197
219 198
219 199
220 200
220 201
220 202
220 203
220 204
220 205
220 206
220 207
220 208
220 209
221 210
221 211
221 212
221 213
221 214
221 215
221 216
221 217
221 218
221 219
222 220
222 221
222 222
222 223
222 224
222 225
222 226
222 227
222 228
222 229
223 230
223 231
223 232
223 233
223 234
223 235
223 236
223 237
223 238
223 239
224 240
224 241
224 242
224 243
224 244
224 245
224 246
224 247
224 248
224 249
225 250
225 251
225 252
225 253
225 254
225 255
225 256
225 257
225 258
225 259
226 260
226 261
226 262
226 263
226 264
226 265
226 266
226 267
226 268
226 269
227 270
227 271
227 272
227 273
227 274
227 275
227 276
227 277
227 278
227 279
228 280
228 281
228 282
228 283
228 284
228 285
228 286
228 287
228 288
228 289
229 290
229 291
229 292
229 293
229 294
229 295
229 296
229 297
229 298
229 299
230 300
230 301
230 302
230 303
230 304
230 305
230 306
230 307
230 308
230 309
231 310
231 311
231 312
231 313
231 314
231 315
231 316
231 317
231 318
231 319
232 320
232 321
232 322
232 323
232 324
232 325
232 326
232 327
232 328
232 329
233 330
233 331
233 332
233 333
233 334
233 335
233 336
233 337
233 338
233 339
234 340
234 341
234 342
234 343
234 344
234 345
234 346
234 347
234 348
234 349
235 350
235 351
235 352
235 353
235 354
235 355
235 356
235 357
235 358
235 359
236 360
236 361
236 362
236 363
236 364
236 365
236 366
236 367
236 368
236 369
237 370
237 371
237 372
237 373
237 374
237 375
237 376
237 377
237 378
237 379
238 380
238 381
238 382
238 383
238 384
238 385
238 386
238 387
238 388
238 389
239 390
239 391
239 392
239 393
239 394
239 395
239 396
239 397
239 398
239 399
240 400
240 401
240 402
240 403
240 404
240 405
240 406
240 407
240 408
240 409
241 410
241 411
241 412
241 413
241 414
241 415
241 416
241 417
241 418
241 419
242 420
242 421
242 422
242 423
242 424
242 425
242 426
242 427
242 428
242 429
243 430
243 431
243 432
243 433
243 434
243 435
243 436
243 437
243 438
243 439
244 440
244 441
244 442
244 443
244 444
244 445
244 446
244 447
244 448
244 449
245 450
245 451
245 452
245 453
245 454
245 455
245 456
245 457
245 458
245 459
246 460
246 461
246 462
246 463
246 464
246 465
246 466
246 467
246 468
246 469
247 470
247 471
247 472
247 473
247 474
247 475
247 476
247 477
247 478
247 479
248 480
248 481
248 482
248 483
248 484
248 485
248 486
248 487
248 488
248 489
249 490
249 491
249 492
249 493
249 494
249 495
249 496
249 497
249 498
249 499
250 500
250 501
250 502
250 503
250 504
250 505
250 506
250 507
250 508
250 509
251 510
251 511
251 512
251 513
251 514
251 515
251 516
251 517
251 518
251 519
252 520
252 521
252 522
252 523
252 524
252 525
252 526
252 527
252 528
252 529
253 530
253 531
253 532
253 533
253 534
253 535
253 536
253 537
253 538
253 539
254 540
254 541
254 542
254 543
254 544
254 545
254 546
254 547
254 548
254 549
255 550
255 551
255 552
255 553
255 554
255 555
255 556
255 557
255 558
255 559
256 560
256 561
256 562
256 563
256 564
256 565
256 566
256 567
256 568
256 569
257 570
257 571
257 572
257 573
257 574
257 575
257 576
257 577
257 578
257 579
258 580
258 581
258 582
258 583
258 584
258 585
258 586
258 587
258 588
258 589
259 590
259 591
259 592
259 593
259 594
259 595
259 596
259 597
259 598
259 599
260 600
260 601
260 602
260 603
260 604
260 605
260 606
260 607
260 608
260 609
261 610
261 611
261 612
261 613
261 614
261 615
261 616
261 617
261 618
261 619
262 620
262 621
262 622
262 623
262 624
262 625
262 626
262 627
262 628
262 629
263 630
263 631
263 632
263 633
263 634
263 635
263 636
263 637
263 638
263 639
264 640
264 641
264 642
264 643
264 644
264 645
264 646
264 647
264 648
264 649
265 650
265 651
265 652
265 653
265 654
265 655
265 656
265 657
265 658
265 659
266 660
266 661
266 662
266 663
266 664
266 665
266 666
266 667
266 668
266 669
267 670
267 671
267 672
267 673
267 674
267 675
267 676
267 677
267 678
267 679
268 680
268 681
268 682
268 683
268 684
268 685
268 686
268 687
268 688
268 689
269 690
269 691
269 692
269 693
269 694
269 695
269 696
269 697
269 698
269 699
270 700
270 701
270 702
270 703
270 704
270 705
270 706
270 707
270 708
270 709
271 710
271 711
271 712
271 713
271 714
271 715
271 716
271 717
271 718
271 719
272 720
272 721
272 722
272 723
272 724
272 725
272 726
272 727
272 728
272 729
273 730
273 731
273 732
273 733
273 734
273 735
273 736
273 737
273 738
273 739
274 740
274 741
274 742
274 743
274 744
274 745
274 746
274 747
274 748
274 749
275 750
275 751
275 752
275 753
275 754
275 755
275 756
275 757
275 758
275 759
276 760
276 761
276 762
276 763
276 764
276 765
276 766
276 767
276 768
276 769
277 770
277 771
277 772
277 773
277 774
277 775
277 776
277 777
277 778
277 779
278 780
278 781
278 782
278 783
278 784
278 785
278 786
278 787
278 788
278 789
279 790
279 791
279 792
279 793
279 794
279 795
279 796
279 797
279 798
279 799
280 800
280 801
280 802
280 803
280 804
280 805
280 806
280 807
280 808
280 809
281 810
281 811
281 812
281 813
281 814
281 815
281 816
281 817
281 818
281 819
282 820
282 821
282 822
282 823
282 824
282 825
282 826
282 827
282 828
282 829
283 830
283 831
283 832
283 833
283 834
283 835
283 836
283 837
283 838
283 839
284 840
284 841
284 842
284 843
284 844
284 845
284 846
284 847
284 848
284 849
285 850
285 851
285 852
285 853
285 854
285 855
285 856
285 857
285 858
285 859
286 860
286 861
286 862
286 863
286 864
286 865
286 866
286 867
286 868
286 869
287 870
287 871
287 872
287 873
287 874
287 875
287 876
287 877
287 878
287 879
288 880
288 881
288 882
288 883
288 884
288 885
288 886
288 887
288 888
288 889
289 890
289 891
289 892
289 893
289 894
289 895
289 896
289 897
289 898
289 899
290 900
290 901
290 902
290 903
290 904
290 905
290 906
290 907
290 908
290 909
291 910
291 911
291 912
291 913
291 914
291 915
291 916
291 917
291 918
291 919
292 920
292 921
292 922
292 923
292 924
292 925
292 926
292 927
292 928
292 929
293 930
293 931
293 932
293 933
293 934
293 935
293 936
293 937
293 938
293 939
294 940
294 941
294 942
294 943
294 944
294 945
294 946
294 947
294 948
294 949
295 950
295 951
295 952
295 953
295 954
295 955
295 956
295 957
295 958
295 959
296 960
296 961
296 962
296 963
296 964
296 965
296 966
296 967
296 968
296 969
297 970
297 971
297 972
297 973
297 974
297 975
297 976
297 977
297 978
297 979
298 980
298 981
298 982
298 983
298 984
298 985
298 986
298 987
298 988
298 989
299 990
299 991
299 992
299 993
299 994
299 995
299 996
299 997
299 998
299 999
300 1000
300 1
300 2
300 3
300 4
300 5
300 6
300 7
300 8
300 9
301 10
301 11
301 12
301 13
301 14
301 15
301 16
301 17
301 18
301 19
302 20
302 21
302 22
302 23
302 24
302 25
302 26
302 27
302 28
302 29
303 30
303 31
303 32
303 33
303 34
303 35
303 36
303 37
303 38
303 39
304 40
304 41
304 42
304 43
304 44
304 45
304 46
304 47
304 48
304 49
305 50
305 51
305 52
305 53
305 54
305 55
305 56
305 57
305 58
305 59
306 60
306 61
306 62
306 63
306 64
306 65
306 66
306 67
306 68
306 69
307 70
307 71
307 72
307 73
307 74
307 75
307 76
307 77
307 78
307 79
308 80
308 81
308 82
308 83
308 84
308 85
308 86
308 87
308 88
308 89
309 90
309 91
309 92
309 93
309 94
309 95
309 96
309 97
309 98
309 99
310 100
310 101
310 102
310 103
310 104
310 105
310 106
310 107
310 108
310 109
311 110
311 111
311 112
311 113
311 114
311 115
311 116
311 117
311 118
311 119
312 120
312 121
312 122
312 123
312 124
312 125
312 126
312 127
312 128
312 129
313 130
313 131
313 132
313 133
313 134
313 135
313 136
313 137
313 138
313 139
314 140
314 141
314 142
314 143
314 144
314 145
314 146
314 147
314 148
314 149
315 150
315 151
315 152
315 153
315 154
315 155
315 156
315 157
315 158
315 159
316 160
316 161
316 162
316 163
316 164
316 165
316 166
316 167
316 168
316 169
317 170
317 171
317 172
317 173
317 174
317 175
317 176
317 177
317 178
317 179
318 180
318 181
318 182
318 183
318 184
318 185
318 186
318 187
318 188
318 189
319 190
319 191
319 192
319 193
319 194
319 195
319 196
319 197
319 198
319 199
320 200
320 201
320 202
320 203
320 204
320 205
320 206
320 207
320 208
320 209
321 210
321 211
321 212
321 213
321 214
321 215
321 216
321 217
321 218
321 219
322 220
322 221
322 222
322 223
322 224
322 225
322 226
322 227
322 228
322 229
323 230
323 231
323 232
323 233
323 234
323 235
323 236
323 237
323 238
323 239
324 240
324 241
324 242
324 243
324 244
324 245
324 246
324 247
324 248
324 249
325 250
325 251
325 252
325 253
325 254
325 255
325 256
325 257
325 258
325 259
326 260
326 261
326 262
326 263
326 264
326 265
326 266
326 267
326 268
326 269
327 270
327 271
327 272
327 273
327 274
327 275
327 276
327 277
327 278
327 279
328 280
328 281
328 282
328 283
328 284
328 285
328 286
328 287
328 288
328 289
329 290
329 291
329 292
329 293
329 294
329 295
329 296
329 297
329 298
329 299
330 300
330 301
330 302
330 303
330 304
330 305
330 306
330 307
330 308
330 309
331 310
331 311
331 312
331 313
331 314
331 315
331 316
331 317
331 318
331 319
332 320
332 321
332 322
332 323
332 324
332 325
332 326
332 327
332 328
332 329
333 330
333 331
333 332
333 333
333 334
333 335
333 336
333 337
333 338
333 339
334 340
334 341
334 342
334 343
334 344
334 345
334 346
334 347
334 348
334 349
335 350
335 351
335 352
335 353
335 354
335 355
335 356
335 357
335 358
335 359
336 360
336 361
336 362
336 363
336 364
336 365
336 366
336 367
336 368
336 369
337 370
337 371
337 372
337 373
337 374
337 375
337 376
337 377
337 378
337 379
338 380
338 381
338 382
338 383
338 384
338 385
338 386
338 387
338 388
338 389
339 390
339 391
339 392
339 393
339 394
339 395
339 396
339 397
339 398
339 399
340 400
340 401
340 402
340 403
340 404
340 405
340 406
340 407
340 408
340 409
341 410
341 411
341 412
341 413
341 414
341 415
341 416
341 417
341 418
341 419
342 420
342 421
342 422
342 423
342 424
342 425
342 426
342 427
342 428
342 429
343 430
343 431
343 432
343 433
343 434
343 435
343 436
343 437
343 438
343 439
344 440
344 441
344 442
344 443
344 444
344 445
344 446
344 447
344 448
344 449
345 450
345 451
345 452
345 453
345 454
345 455
345 456
345 457
345 458
345 459
346 460
346 461
346 462
346 463
346 464
346 465
346 466
346 467
346 468
346 469
347 470
347 471
347 472
347 473
347 474
347 475
347 476
347 477
347 478
347 479
348 480
348 481
348 482
348 483
348 484
348 485
348 486
348 487
348 488
348 489
349 490
349 491
349 492
349 493
349 494
349 495
349 496
349 497
349 498
349 499
350 500
350 501
350 502
350 503
350 504
350 505
350 506
350 507
350 508
350 509
351 510
351 511
351 512
351 513
351 514
351 515
351 516
351 517
351 518
351 519
352 520
352 521
352 522
352 523
352 524
352 525
352 526
352 527
352 528
352 529
353 530
353 531
353 532
353 533
353 534
353 535
353 536
353 537
353 538
353 539
354 540
354 541
354 542
354 543
354 544
354 545
354 546
354 547
354 548
354 549
355 550
355 551
355 552
355 553
355 554
355 555
355 556
355 557
355 558
355 559
356 560
356 561
356 562
356 563
356 564
356 565
356 566
356 567
356 568
356 569
357 570
357 571
357 572
357 573
357 574
357 575
357 576
357 577
357 578
357 579
358 580
358 581
358 582
358 583
358 584
358 585
358 586
358 587
358 588
358 589
359 590
359 591
359 592
359 593
359 594
359 595
359 596
359 597
359 598
359 599
360 600
360 601
360 602
360 603
360 604
360 605
360 606
360 607
360 608
360 609
361 610
361 611
361 612
361 613
361 614
361 615
361 616
361 617
361 618
361 619
362 620
362 621
362 622
362 623
362 624
362 625
362 626
362 627
362 628
362 629
363 630
363 631
363 632
363 633
363 634
363 635
363 636
363 637
363 638
363 639
364 640
364 641
364 642
364 643
364 644
364 645
364 646
364 647
364 648
364 649
365 650
365 651
365 652
365 653
365 654
365 655
365 656
365 657
365 658
365 659
366 660
366 661
366 662
366 663
366 664
366 665
366 666
366 667
366 668
366 669
367 670
367 671
367 672
367 673
367 674
367 675
367 676
367 677
367 678
367 679
368 680
368 681
368 682
368 683
368 684
368 685
368 686
368 687
368 688
368 689
369 690
369 691
369 692
369 693
369 694
369 695
369 696
369 697
369 698
369 699
370 700
370 701
370 702
370 703
370 704
370 705
370 706
370 707
370 708
370 709
371 710
371 711
371 712
371 713
371 714
371 715
371 716
371 717
371 718
371 719
372 720
372 721
372 722
372 723
372 724
372 725
372 726
372 727
372 728
372 729
373 730
373 731
373 732
373 733
373 734
373 735
373 736
373 737
373 738
373 739
374 740
374 741
374 742
374 743
374 744
374 745
374 746
374 747
374 748
374 749
375 750
375 751
375 752
375 753
375 754
375 755
375 756
375 757
375 758
375 759
376 760
376 761
376 762
376 763
376 764
376 765
376 766
376 767
376 768
376 769
377 770
377 771
377 772
377 773
377 774
377 775
377 776
377 777
377 778
377 779
378 780
378 781
378 782
378 783
378 784
378 785
378 786
378 787
378 788
378 789
379 790
379 791
379 792
379 793
379 794
379 795
379 796
379 797
379 798
379 799
380 800
380 801
380 802
380 803
380 804
380 805
380 806
380 807
380 808
380 809
381 810
381 811
381 812
381 813
381 814
381 815
381 816
381 817
381 818
381 819
382 820
382 821
382 822
382 823
382 824
382 825
382 826
382 827
382 828
382 829
383 830
383 831
383 832
383 833
383 834
383 835
383 836
383 837
383 838
383 839
384 840
384 841
384 842
384 843
384 844
384 845
384 846
384 847
384 848
384 849
385 850
385 851
385 852
385 853
385 854
385 855
385 856
385 857
385 858
385 859
386 860
386 861
386 862
386 863
386 864
386 865
386 866
386 867
386 868
386 869
387 870
387 871
387 872
387 873
387 874
387 875
387 876
387 877
387 878
387 879
388 880
388 881
388 882
388 883
388 884
388 885
388 886
388 887
388 888
388 889
389 890
389 891
389 892
389 893
389 894
389 895
389 896
389 897
389 898
389 899
390 900
390 901
390 902
390 903
390 904
390 905
390 906
390 907
390 908
390 909
391 910
391 911
391 912
391 913
391 914
391 915
391 916
391 917
391 918
391 919
392 920
392 921
392 922
392 923
392 924
392 925
392 926
392 927
392 928
392 929
393 930
393 931
393 932
393 933
393 934
393 935
393 936
393 937
393 938
393 939
394 940
394 941
394 942
394 943
394 944
394 945
394 946
394 947
394 948
394 949
395 950
395 951
395 952
395 953
395 954
395 955
395 956
395 957
395 958
395 959
396 960
396 961
396 962
396 963
396 964
396 965
396 966
396 967
396 968
396 969
397 970
397 971
397 972
397 973
397 974
397 975
397 976
397 977
397 978
397 979
398 980
398 981
398 982
398 983
398 984
398 985
398 986
398 987
398 988
398 989
399 990
399 991
399 992
399 993
399 994
399 995
399 996
399 997
399 998
399 999
400 1000
400 1
400 2
400 3
400 4
400 5
400 6
400 7
400 8
400 9
401 10
401 11
401 12
401 13
401 14
401 15
401 16
401 17
401 18
401 19
402 20
402 21
402 22
402 23
402 24
402 25
402 26
402 27
402 28
402 29
403 30
403 31
403 32
403 33
403 34
403 35
403 36
403 37
403 38
403 39
404 40
404 41
404 42
404 43
404 44
404 45
404 46
404 47
404 48
404 49
405 50
405 51
405 52
405 53
405 54
405 55
405 56
405 57
405 58
405 59
406 60
406 61
406 62
406 63
406 64
406 65
406 66
406 67
406 68
406 69
407 70
407 71
407 72
407 73
407 74
407 75
407 76
407 77
407 78
407 79
408 80
408 81
408 82
408 83
408 84
408 85
408 86
408 87
408 88
408 89
409 90
409 91
409 92
409 93
409 94
409 95
409 96
409 97
409 98
409 99
410 100
410 101
410 102
410 103
410 104
410 105
410 106
410 107
410 108
410 109
411 110
411 111
411 112
411 113
411 114
411 115
411 116
411 117
411 118
411 119
412 120
412 121
412 122
412 123
412 124
412 125
412 126
412 127
412 128
412 129
413 130
413 131
413 132
413 133
413 134
413 135
413 136
413 137
413 138
413 139
414 140
414 141
414 142
414 143
414 144
414 145
414 146
414 147
414 148
414 149
415 150
415 151
415 152
415 153
415 154
415 155
415 156
415 157
415 158
415 159
416 160
416 161
416 162
416 163
416 164
416 165
416 166
416 167
416 168
416 169
417 170
417 171
417 172
417 173
417 174
417 175
417 176
417 177
417 178
417 179
418 180
418 181
418 182
418 183
418 184
418 185
418 186
418 187
418 188
418 189
419 190
419 191
419 192
419 193
419 194
419 195
419 196
419 197
419 198
419 199
420 200
420 201
420 202
420 203
420 204
420 205
420 206
420 207
420 208
420 209
421 210
421 211
421 212
421 213
421 214
421 215
421 216
421 217
421 218
421 219
422 220
422 221
422 222
422 223
422 224
422 225
422 226
422 227
422 228
422 229
423 230
423 231
423 232
423 233
423 234
423 235
423 236
423 237
423 238
423 239
424 240
424 241
424 242
424 243
424 244
424 245
424 246
424 247
424 248
424 249
425 250
425 251
425 252
425 253
425 254
425 255
425 256
425 257
425 258
425 259
426 260
426 261
426 262
426 263
426 264
426 265
426 266
426 267
426 268
426 269
427 270
427 271
427 272
427 273
427 274
427 275
427 276
427 277
427 278
427 279
428 280
428 281
428 282
428 283
428 284
428 285
428 286
428 287
428 288
428 289
429 290
429 291
429 292
429 293
429 294
429 295
429 296
429 297
429 298
429 299
430 300
430 301
430 302
430 303
430 304
430 305
430 306
430 307
430 308
430 309
431 310
431 311
431 312
431 313
431 314
431 315
431 316
431 317
431 318
431 319
432 320
432 321
432 322
432 323
432 324
432 325
432 326
432 327
432 328
432 329
433 330
433 331
433 332
433 333
433 334
433 335
433 336
433 337
433 338
433 339
434 340
434 341
434 342
434 343
434 344
434 345
434 346
434 347
434 348
434 349
435 350
435 351
435 352
435 353
435 354
435 355
435 356
435 357
435 358
435 359
436 360
436 361
436 362
436 363
436 364
436 365
436 366
436 367
436 368
436 369
437 370
437 371
437 372
437 373
437 374
437 375
437 376
437 377
437 378
437 379
438 380
438 381
438 382
438 383
438 384
438 385
438 386
438 387
438 388
438 389
439 390
439 391
439 392
439 393
439 394
439 395
439 396
439 397
439 398
439 399
440 400
440 401
440 402
440 403
440 404
440 405
440 406
440 407
440 408
440 409
441 410
441 411
441 412
441 413
441 414
441 415
441 416
441 417
441 418
441 419
442 420
442 421
442 422
442 423
442 424
442 425
442 426
442 427
442 428
442 429
443 430
443 431
443 432
443 433
443 434
443 435
443 436
443 437
443 438
443 439
444 440
444 441
444 442
444 443
444 444
444 445
444 446
444 447
444 448
444 449
445 450
445 451
445 452
445 453
445 454
445 455
445 456
445 457
445 458
445 459
446 460
446 461
446 462
446 463
446 464
446 465
446 466
446 467
446 468
446 469
447 470
447 471
447 472
447 473
447 474
447 475
447 476
447 477
447 478
447 479
448 480
448 481
448 482
448 483
448 484
448 485
448 486
448 487
448 488
448 489
449 490
449 491
449 492
449 493
449 494
449 495
449 496
449 497
449 498
449 499
450 500
450 501
450 502
450 503
450 504
450 505
450 506
450 507
450 508
450 509
451 510
451 511
451 512
451 513
451 514
451 515
451 516
451 517
451 518
451 519
452 520
452 521
452 522
452 523
452 524
452 525
452 526
452 527
452 528
452 529
453 530
453 531
453 532
453 533
453 534
453 535
453 536
453 537
453 538
453 539
454 540
454 541
454 542
454 543
454 544
454 545
454 546
454 547
454 548
454 549
455 550
455 551
455 552
455 553
455 554
455 555
455 556
455 557
455 558
455 559
456 560
456 561
456 562
456 563
456 564
456 565
456 566
456 567
456 568
456 569
457 570
457 571
457 572
457 573
457 574
457 575
457 576
457 577
457 578
457 579
458 580
458 581
458 582
458 583
458 584
458 585
458 586
458 587
458 588
458 589
459 590
459 591
459 592
459 593
459 594
459 595
459 596
459 597
459 598
459 599
460 600
460 601
460 602
460 603
460 604
460 605
460 606
460 607
460 608
460 609
461 610
461 611
461 612
461 613
461 614
461 615
461 616
461 617
461 618
461 619
462 620
462 621
462 622
462 623
462 624
462 625
462 626
462 627
462 628
462 629
463 630
463 631
463 632
463 633
463 634
463 635
463 636
463 637
463 638
463 639
464 640
464 641
464 642
464 643
464 644
464 645
464 646
464 647
464 648
464 649
465 650
465 651
465 652
465 653
465 654
465 655
465 656
465 657
465 658
465 659
466 660
466 661
466 662
466 663
466 664
466 665
466 666
466 667
466 668
466 669
467 670
467 671
467 672
467 673
467 674
467 675
467 676
467 677
467 678
467 679
468 680
468 681
468 682
468 683
468 684
468 685
468 686
468 687
468 688
468 689
469 690
469 691
469 692
469 693
469 694
469 695
469 696
469 697
469 698
469 699
470 700
470 701
470 702
470 703
470 704
470 705
470 706
470 707
470 708
470 709
471 710
471 711
471 712
471 713
471 714
471 715
471 716
471 717
471 718
471 719
472 720
472 721
472 722
472 723
472 724
472 725
472 726
472 727
472 728
472 729
473 730
473 731
473 732
473 733
473 734
473 735
473 736
473 737
473 738
473 739
474 740
474 741
474 742
474 743
474 744
474 745
474 746
474 747
474 748
474 749
475 750
475 751
475 752
475 753
475 754
475 755
475 756
475 757
475 758
475 759
476 760
476 761
476 762
476 763
476 764
476 765
476 766
476 767
476 768
476 769
477 770
477 771
477 772
477 773
477 774
477 775
477 776
477 777
477 778
477 779
478 780
478 781
478 782
478 783
478 784
478 785
478 786
478 787
478 788
478 789
479 790
479 791
479 792
479 793
479 794
479 795
479 796
479 797
479 798
479 799
480 800
480 801
480 802
480 803
480 804
480 805
480 806
480 807
480 808
480 809
481 810
481 811
481 812
481 813
481 814
481 815
481 816
481 817
481 818
481 819
482 820
482 821
482 822
482 823
482 824
482 825
482 826
482 827
482 828
482 829
483 830
483 831
483 832
483 833
483 834
483 835
483 836
483 837
483 838
483 839
484 840
484 841
484 842
484 843
484 844
484 845
484 846
484 847
484 848
484 849
485 850
485 851
485 852
485 853
485 854
485 855
485 856
485 857
485 858
485 859
486 860
486 861
486 862
486 863
486 864
486 865
486 866
486 867
486 868
486 869
487 870
487 871
487 872
487 873
487 874
487 875
487 876
487 877
487 878
487 879
488 880
488 881
488 882
488 883
488 884
488 885
488 886
488 887
488 888
488 889
489 890
489 891
489 892
489 893
489 894
489 895
489 896
489 897
489 898
489 899
490 900
490 901
490 902
490 903
490 904
490 905
490 906
490 907
490 908
490 909
491 910
491 911
491 912
491 913
491 914
491 915
491 916
491 917
491 918
491 919
492 920
492 921
492 922
492 923
492 924
492 925
492 926
492 927
492 928
492 929
493 930
493 931
493 932
493 933
493 934
493 935
493 936
493 937
493 938
493 939
494 940
494 941
494 942
494 943
494 944
494 945
494 946
494 947
494 948
494 949
495 950
495 951
495 952
495 953
495 954
495 955
495 956
495 957
495 958
495 959
496 960
496 961
496 962
496 963
496 964
496 965
496 966
496 967
496 968
496 969
497 970
497 971
497 972
497 973
497 974
497 975
497 976
497 977
497 978
497 979
498 980
498 981
498 982
498 983
498 984
498 985
498 986
498 987
498 988
498 989
499 990
499 991
499 992
499 993
499 994
499 995
499 996
499 997
499 998
499 999
500 1000
500 1
500 2
500 3
500 4
500 5
500 6
500 7
500 8
500 9
501 10
501 11
501 12
501 13
501 14
501 15
501 16
501 17
501 18
501 19
502 20
502 21
502 22
502 23
502 24
502 25
502 26
502 27
502 28
502 29
503 30
503 31
503 32
503 33
503 34
503 35
503 36
503 37
503 38
503 39
504 40
504 41
504 42
504 43
504 44
504 45
504 46
504 47
504 48
504 49
505 50
505 51
505 52
505 53
505 54
505 55
505 56
505 57
505 58
505 59
506 60
506 61
506 62
506 63
506 64
506 65
506 66
506 67
506 68
506 69
507 70
507 71
507 72
507 73
507 74
507 75
507 76
507 77
507 78
507 79
508 80
508 81
508 82
508 83
508 84
508 85
508 86
508 87
508 88
508 89
509 90
509 91
509 92
509 93
509 94
509 95
509 96
509 97
509 98
509 99
510 100
510 101
510 102
510 103
510 104
510 105
510 106
510 107
510 108
510 109
511 110
511 111
511 112
511 113
511 114
511 115
511 116
511 117
511 118
511 119
512 120
512 121
512 122
512 123
512 124
512 125
512 126
512 127
512 128
512 129
513 130
513 131
513 132
513 133
513 134
513 135
513 136
513 137
513 138
513 139
514 140
514 141
514 142
514 143
514 144
514 145
514 146
514 147
514 148
514 149
515 150
515 151
515 152
515 153
515 154
515 155
515 156
515 157
515 158
515 159
516 160
516 161
516 162
516 163
516 164
516 165
516 166
516 167
516 168
516 169
517 170
517 171
517 172
517 173
517 174
517 175
517 176
517 177
517 178
517 179
518 180
518 181
518 182
518 183
518 184
518 185
518 186
518 187
518 188
518 189
519 190
519 191
519 192
519 193
519 194
519 195
519 196
519 197
519 198
519 199
520 200
520 201
520 202
520 203
520 204
520 205
520 206
520 207
520 208
520 209
521 210
521 211
521 212
521 213
521 214
521 215
521 216
521 217
521 218
521 219
522 220
522 221
522 222
522 223
522 224
522 225
522 226
522 227
522 228
522 229
523 230
523 231
523 232
523 233
523 234
523 235
523 236
523 237
523 238
523 239
524 240
524 241
524 242
524 243
524 244
524 245
524 246
524 247
524 248
524 249
525 250
525 251
525 252
525 253
525 254
525 255
525 256
525 257
525 258
525 259
526 260
526 261
526 262
526 263
526 264
526 265
526 266
526 267
526 268
526 269
527 270
527 271
527 272
527 273
527 274
527 275
527 276
527 277
527 278
527 279
528 280
528 281
528 282
528 283
528 284
528 285
528 286
528 287
528 288
528 289
529 290
529 291
529 292
529 293
529 294
529 295
529 296
529 297
529 298
529 299
530 300
530 301
530 302
530 303
530 304
530 305
530 306
530 307
530 308
530 309
531 310
531 311
531 312
531 313
531 314
531 315
531 316
531 317
531 318
531 319
532 320
532 321
532 322
532 323
532 324
532 325
532 326
532 327
532 328
532 329
533 330
533 331
533 332
533 333
533 334
533 335
533 336
533 337
533 338
533 339
534 340
534 341
534 342
534 343
534 344
534 345
534 346
534 347
534 348
534 349
535 350
535 351
535 352
535 353
535 354
535 355
535 356
535 357
535 358
535 359
536 360
536 361
536 362
536 363
536 364
536 365
536 366
536 367
536 368
536 369
537 370
537 371
537 372
537 373
537 374
537 375
537 376
537 377
537 378
537 379
538 380
538 381
538 382
538 383
538 384
538 385
538 386
538 387
538 388
538 389
539 390
539 391
539 392
539 393
539 394
539 395
539 396
539 397
539 398
539 399
540 400
540 401
540 402
540 403
540 404
540 405
540 406
540 407
540 408
540 409
541 410
541 411
541 412
541 413
541 414
541 415
541 416
541 417
541 418
541 419
542 420
542 421
542 422
542 423
542 424
542 425
542 426
542 427
542 428
542 429
543 430
543 431
543 432
543 433
543 434
543 435
543 436
543 437
543 438
543 439
544 440
544 441
544 442
544 443
544 444
544 445
544 446
544 447
544 448
544 449
545 450
545 451
545 452
545 453
545 454
545 455
545 456
545 457
545 458
545 459
546 460
546 461
546 462
546 463
546 464
546 465
546 466
546 467
546 468
546 469
547 470
547 471
547 472
547 473
547 474
547 475
547 476
547 477
547 478
547 479
548 480
548 481
548 482
548 483
548 484
548 485
548 486
548 487
548 488
548 489
549 490
549 491
549 492
549 493
549 494
549 495
549 496
549 497
549 498
549 499
550 500
550 501
550 502
550 503
550 504
550 505
550 506
550 507
550 508
550 509
551 510
551 511
551 512
551 513
551 514
551 515
551 516
551 517
551 518
551 519
552 520
552 521
552 522
552 523
552 524
552 525
552 526
552 527
552 528
552 529
553 530
553 531
553 532
553 533
553 534
553 535
553 536
553 537
553 538
553 539
554 540
554 541
554 542
554 543
554 544
554 545
554 546
554 547
554 548
554 549
555 550
555 551
555 552
555 553
555 554
555 555
555 556
555 557
555 558
555 559
556 560
556 561
556 562
556 563
556 564
556 565
556 566
556 567
556 568
556 569
557 570
557 571
557 572
557 573
557 574
557 575
557 576
557 577
557 578
557 579
558 580
558 581
558 582
558 583
558 584
558 585
558 586
558 587
558 588
558 589
559 590
559 591
559 592
559 593
559 594
559 595
559 596
559 597
559 598
559 599
560 600
560 601
560 602
560 603
560 604
560 605
560 606
560 607
560 608
560 609
561 610
561 611
561 612
561 613
561 614
561 615
561 616
561 617
561 618
561 619
562 620
562 621
562 622
562 623
562 624
562 625
562 626
562 627
562 628
562 629
563 630
563 631
563 632
563 633
563 634
563 635
563 636
563 637
563 638
563 639
564 640
564 641
564 642
564 643
564 644
564 645
564 646
564 647
564 648
564 649
565 650
565 651
565 652
565 653
565 654
565 655
565 656
565 657
565 658
565 659
566 660
566 661
566 662
566 663
566 664
566 665
566 666
566 667
566 668
566 669
567 670
567 671
567 672
567 673
567 674
567 675
567 676
567 677
567 678
567 679
568 680
568 681
568 682
568 683
568 684
568 685
568 686
568 687
568 688
568 689
569 690
569 691
569 692
569 693
569 694
569 695
569 696
569 697
569 698
569 699
570 700
570 701
570 702
570 703
570 704
570 705
570 706
570 707
570 708
570 709
571 710
571 711
571 712
571 713
571 714
571 715
571 716
571 717
571 718
571 719
572 720
572 721
572 722
572 723
572 724
572 725
572 726
572 727
572 728
572 729
573 730
573 731
573 732
573 733
573 734
573 735
573 736
573 737
573 738
573 739
574 740
574 741
574 742
574 743
574 744
574 745
574 746
574 747
574 748
574 749
575 750
575 751
575 752
575 753
575 754
575 755
575 756
575 757
575 758
575 759
576 760
576 761
576 762
576 763
576 764
576 765
576 766
576 767
576 768
576 769
577 770
577 771
577 772
577 773
577 774
577 775
577 776
577 777
577 778
577 779
578 780
578 781
578 782
578 783
578 784
578 785
578 786
578 787
578 788
578 789
579 790
579 791
579 792
579 793
579 794
579 795
579 796
579 797
579 798
579 799
580 800
580 801
580 802
580 803
580 804
580 805
580 806
580 807
580 808
580 809
581 810
581 811
581 812
581 813
581 814
581 815
581 816
581 817
581 818
581 819
582 820
582 821
582 822
582 823
582 824
582 825
582 826
582 827
582 828
582 829
583 830
583 831
583 832
583 833
583 834
583 835
583 836
583 837
583 838
583 839
584 840
584 841
584 842
584 843
584 844
584 845
584 846
584 847
584 848
584 849
585 850
585 851
585 852
585 853
585 854
585 855
585 856
585 857
585 858
585 859
586 860
586 861
586 862
586 863
586 864
586 865
586 866
586 867
586 868
586 869
587 870
587 871
587 872
587 873
587 874
587 875
587 876
587 877
587 878
587 879
588 880
588 881
588 882
588 883
588 884
588 885
588 886
588 887
588 888
588 889
589 890
589 891
589 892
589 893
589 894
589 895
589 896
589 897
589 898
589 899
590 900
590 901
590 902
590 903
590 904
590 905
590 906
590 907
590 908
590 909
591 910
591 911
591 912
591 913
591 914
591 915
591 916
591 917
591 918
591 919
592 920
592 921
592 922
592 923
592 924
592 925
592 926
592 927
592 928
592 929
593 930
593 931
593 932
593 933
593 934
593 935
593 936
593 937
593 938
593 939
594 940
594 941
594 942
594 943
594 944
594 945
594 946
594 947
594 948
594 949
595 950
595 951
595 952
595 953
595 954
595 955
595 956
595 957
595 958
595 959
596 960
596 961
596 962
596 963
596 964
596 965
596 966
596 967
596 968
596 969
597 970
597 971
597 972
597 973
597 974
597 975
597 976
597 977
597 978
597 979
598 980
598 981
598 982
598 983
598 984
598 985
598 986
598 987
598 988
598 989
599 990
599 991
599 992
599 993
599 994
599 995
599 996
599 997
599 998
599 999
600 1000
600 1
600 2
600 3
600 4
600 5
600 6
600 7
600 8
600 9
601 10
601 11
601 12
601 13
601 14
601 15
601 16
601 17
601 18
601 19
602 20
602 21
602 22
602 23
602 24
602 25
602 26
602 27
602 28
602 29
603 30
603 31
603 32
603 33
603 34
603 35
603 36
603 37
603 38
603 39
604 40
604 41
604 42
604 43
604 44
604 45
604 46
604 47
604 48
604 49
605 50
605 51
605 52
605 53
605 54
605 55
605 56
605 57
605 58
605 59
606 60
606 61
606 62
606 63
606 64
606 65
606 66
606 67
606 68
606 69
607 70
607 71
607 72
607 73
607 74
607 75
607 76
607 77
607 78
607 79
608 80
608 81
608 82
608 83
608 84
608 85
608 86
608 87
608 88
608 89
609 90
609 91
609 92
609 93
609 94
609 95
609 96
609 97
609 98
609 99
610 100
610 101
610 102
610 103
610 104
610 105
610 106
610 107
610 108
610 109
611 110
611 111
611 112
611 113
611 114
611 115
611 116
611 117
611 118
611 119
612 120
612 121
612 122
612 123
612 124
612 125
612 126
612 127
612 128
612 129
613 130
613 131
613 132
613 133
613 134
613 135
613 136
613 137
613 138
613 139
614 140
614 141
614 142
614 143
614 144
614 145
614 146
614 147
614 148
614 149
615 150
615 151
615 152
615 153
615 154
615 155
615 156
615 157
615 158
615 159
616 160
616 161
616 162
616 163
616 164
616 165
616 166
616 167
616 168
616 169
617 170
617 171
617 172
617 173
617 174
617 175
617 176
617 177
617 178
617 179
618 180
618 181
618 182
618 183
618 184
618 185
618 186
618 187
618 188
618 189
619 190
619 191
619 192
619 193
619 194
619 195
619 196
619 197
619 198
619 199
620 200
620 201
620 202
620 203
620 204
620 205
620 206
620 207
620 208
620 209
621 210
621 211
621 212
621 213
621 214
621 215
621 216
621 217
621 218
621 219
622 220
622 221
622 222
622 223
622 224
622 225
622 226
622 227
622 228
622 229
623 230
623 231
623 232
623 233
623 234
623 235
623 236
623 237
623 238
623 239
624 240
624 241
624 242
624 243
624 244
624 245
624 246
624 247
624 248
624 249
625 250
625 251
625 252
625 253
625 254
625 255
625 256
625 257
625 258
625 259
626 260
626 261
626 262
626 263
626 264
626 265
626 266
626 267
626 268
626 269
627 270
627 271
627 272
627 273
627 274
627 275
627 276
627 277
627 278
627 279
628 280
628 281
628 282
628 283
628 284
628 285
628 286
628 287
628 288
628 289
629 290
629 291
629 292
629 293
629 294
629 295
629 296
629 297
629 298
629 299
630 300
630 301
630 302
630 303
630 304
630 305
630 306
630 307
630 308
630 309
631 310
631 311
631 312
631 313
631 314
631 315
631 316
631 317
631 318
631 319
632 320
632 321
632 322
632 323
632 324
632 325
632 326
632 327
632 328
632 329
633 330
633 331
633 332
633 333
633 334
633 335
633 336
633 337
633 338
633 339
634 340
634 341
634 342
634 343
634 344
634 345
634 346
634 347
634 348
634 349
635 350
635 351
635 352
635 353
635 354
635 355
635 356
635 357
635 358
635 359
636 360
636 361
636 362
636 363
636 364
636 365
636 366
636 367
636 368
636 369
637 370
637 371
637 372
637 373
637 374
637 375
637 376
637 377
637 378
637 379
638 380
638 381
638 382
638 383
638 384
638 385
638 386
638 387
638 388
638 389
639 390
639 391
639 392
639 393
639 394
639 395
639 396
639 397
639 398
639 399
640 400
640 401
640 402
640 403
640 404
640 405
640 406
640 407
640 408
640 409
641 410
641 411
641 412
641 413
641 414
641 415
641 416
641 417
641 418
641 419
642 420
642 421
642 422
642 423
642 424
642 425
642 426
642 427
642 428
642 429
643 430
643 431
643 432
643 433
643 434
643 435
643 436
643 437
643 438
643 439
644 440
644 441
644 442
644 443
644 444
644 445
644 446
644 447
644 448
644 449
645 450
645 451
645 452
645 453
645 454
645 455
645 456
645 457
645 458
645 459
646 460
646 461
646 462
646 463
646 464
646 465
646 466
646 467
646 468
646 469
647 470
647 471
647 472
647 473
647 474
647 475
647 476
647 477
647 478
647 479
648 480
648 481
648 482
648 483
648 484
648 485
648 486
648 487
648 488
648 489
649 490
649 491
649 492
649 493
649 494
649 495
649 496
649 497
649 498
649 499
650 500
650 501
650 502
650 503
650 504
650 505
650 506
650 507
650 508
650 509
651 510
651 511
651 512
651 513
651 514
651 515
651 516
651 517
651 518
651 519
652 520
652 521
652 522
652 523
652 524
652 525
652 526
652 527
652 528
652 529
653 530
653 531
653 532
653 533
653 534
653 535
653 536
653 537
653 538
653 539
654 540
654 541
654 542
654 543
654 544
654 545
654 546
654 547
654 548
654 549
655 550
655 551
655 552
655 553
655 554
655 555
655 556
655 557
655 558
655 559
656 560
656 561
656 562
656 563
656 564
656 565
656 566
656 567
656 568
656 569
657 570
657 571
657 572
657 573
657 574
657 575
657 576
657 577
657 578
657 579
658 580
658 581
658 582
658 583
658 584
658 585
658 586
658 587
658 588
658 589
659 590
659 591
659 592
659 593
659 594
659 595
659 596
659 597
659 598
659 599
660 600
660 601
660 602
660 603
660 604
660 605
660 606
660 607
660 608
660 609
661 610
661 611
661 612
661 613
661 614
661 615
661 616
661 617
661 618
661 619
662 620
662 621
662 622
662 623
662 624
662 625
662 626
662 627
662 628
662 629
663 630
663 631
663 632
663 633
663 634
663 635
663 636
663 637
663 638
663 639
664 640
664 641
664 642
664 643
664 644
664 645
664 646
664 647
664 648
664 649
665 650
665 651
665 652
665 653
665 654
665 655
665 656
665 657
665 658
665 659
666 660
666 661
666 662
666 663
666 664
666 665
666 666
666 667
666 668
666 669
667 670
667 671
667 672
667 673
667 674
667 675
667 676
667 677
667 678
667 679
668 680
668 681
668 682
668 683
668 684
668 685
668 686
668 687
668 688
668 689
669 690
669 691
669 692
669 693
669 694
669 695
669 696
669 697
669 698
669 699
670 700
670 701
670 702
670 703
670 704
670 705
670 706
670 707
670 708
670 709
671 710
671 711
671 712
671 713
671 714
671 715
671 716
671 717
671 718
671 719
672 720
672 721
672 722
672 723
672 724
672 725
672 726
672 727
672 728
672 729
673 730
673 731
673 732
673 733
673 734
673 735
673 736
673 737
673 738
673 739
674 740
674 741
674 742
674 743
674 744
674 745
674 746
674 747
674 748
674 749
675 750
675 751
675 752
675 753
675 754
675 755
675 756
675 757
675 758
675 759
676 760
676 761
676 762
676 763
676 764
676 765
676 766
676 767
676 768
676 769
677 770
677 771
677 772
677 773
677 774
677 775
677 776
677 777
677 778
677 779
678 780
678 781
678 782
678 783
678 784
678 785
678 786
678 787
678 788
678 789
679 790
679 791
679 792
679 793
679 794
679 795
679 796
679 797
679 798
679 799
680 800
680 801
680 802
680 803
680 804
680 805
680 806
680 807
680 808
680 809
681 810
681 811
681 812
681 813
681 814
681 815
681 816
681 817
681 818
681 819
682 820
682 821
682 822
682 823
682 824
682 825
682 826
682 827
682 828
682 829
683 830
683 831
683 832
683 833
683 834
683 835
683 836
683 837
683 838
683 839
684 840
684 841
684 842
684 843
684 844
684 845
684 846
684 847
684 848
684 849
685 850
685 851
685 852
685 853
685 854
685 855
685 856
685 857
685 858
685 859
686 860
686 861
686 862
686 863
686 864
686 865
686 866
686 867
686 868
686 869
687 870
687 871
687 872
687 873
687 874
687 875
687 876
687 877
687 878
687 879
688 880
688 881
688 882
688 883
688 884
688 885
688 886
688 887
688 888
688 889
689 890
689 891
689 892
689 893
689 894
689 895
689 896
689 897
689 898
689 899
690 900
690 901
690 902
690 903
690 904
690 905
690 906
690 907
690 908
690 909
691 910
691 911
691 912
691 913
691 914
691 915
691 916
691 917
691 918
691 919
692 920
692 921
692 922
692 923
692 924
692 925
692 926
692 927
692 928
692 929
693 930
693 931
693 932
693 933
693 934
693 935
693 936
693 937
693 938
693 939
694 940
694 941
694 942
694 943
694 944
694 945
694 946
694 947
694 948
694 949
695 950
695 951
695 952
695 953
695 954
695 955
695 956
695 957
695 958
695 959
696 960
696 961
696 962
696 963
696 964
696 965
696 966
696 967
696 968
696 969
697 970
697 971
697 972
697 973
697 974
697 975
697 976
697 977
697 978
697 979
698 980
698 981
698 982
698 983
698 984
698 985
698 986
698 987
698 988
698 989
699 990
699 991
699 992
699 993
699 994
699 995
699 996
699 997
699 998
699 999
700 1000
700 1
700 2
700 3
700 4
700 5
700 6
700 7
700 8
700 9
701 10
701 11
701 12
701 13
701 14
701 15
701 16
701 17
701 18
701 19
702 20
702 21
702 22
702 23
702 24
702 25
702 26
702 27
702 28
702 29
703 30
703 31
703 32
703 33
703 34
703 35
703 36
703 37
703 38
703 39
704 40
704 41
704 42
704 43
704 44
704 45
704 46
704 47
704 48
704 49
705 50
705 51
705 52
705 53
705 54
705 55
705 56
705 57
705 58
705 59
706 60
706 61
706 62
706 63
706 64
706 65
706 66
706 67
706 68
706 69
707 70
707 71
707 72
707 73
707 74
707 75
707 76
707 77
707 78
707 79
708 80
708 81
708 82
708 83
708 84
708 85
708 86
708 87
708 88
708 89
709 90
709 91
709 92
709 93
709 94
709 95
709 96
709 97
709 98
709 99
710 100
710 101
710 102
710 103
710 104
710 105
710 106
710 107
710 108
710 109
711 110
711 111
711 112
711 113
711 114
711 115
711 116
711 117
711 118
711 119
712 120
712 121
712 122
712 123
712 124
712 125
712 126
712 127
712 128
712 129
713 130
713 131
713 132
713 133
713 134
713 135
713 136
713 137
713 138
713 139
714 140
714 141
714 142
714 143
714 144
714 145
714 146
714 147
714 148
714 149
715 150
715 151
715 152
715 153
715 154
715 155
715 156
715 157
715 158
715 159
716 160
716 161
716 162
716 163
716 164
716 165
716 166
716 167
716 168
716 169
717 170
717 171
717 172
717 173
717 174
717 175
717 176
717 177
717 178
717 179
718 180
718 181
718 182
718 183
718 184
718 185
718 186
718 187
718 188
718 189
719 190
719 191
719 192
719 193
719 194
719 195
719 196
719 197
719 198
719 199
720 200
720 201
720 202
720 203
720 204
720 205
720 206
720 207
720 208
720 209
721 210
721 211
721 212
721 213
721 214
721 215
721 216
721 217
721 218
721 219
722 220
722 221
722 222
722 223
722 224
722 225
722 226
722 227
722 228
722 229
723 230
723 231
723 232
723 233
723 234
723 235
723 236
723 237
723 238
723 239
724 240
724 241
724 242
724 243
724 244
724 245
724 246
724 247
724 248
724 249
725 250
725 251
725 252
725 253
725 254
725 255
725 256
725 257
725 258
725 259
726 260
726 261
726 262
726 263
726 264
726 265
726 266
726 267
726 268
726 269
727 270
727 271
727 272
727 273
727 274
727 275
727 276
727 277
727 278
727 279
728 280
728 281
728 282
728 283
728 284
728 285
728 286
728 287
728 288
728 289
729 290
729 291
729 292
729 293
729 294
729 295
729 296
729 297
729 298
729 299
730 300
730 301
730 302
730 303
730 304
730 305
730 306
730 307
730 308
730 309
731 310
731 311
731 312
731 313
731 314
731 315
731 316
731 317
731 318
731 319
732 320
732 321
732 322
732 323
732 324
732 325
732 326
732 327
732 328
732 329
733 330
733 331
733 332
733 333
733 334
733 335
733 336
733 337
733 338
733 339
734 340
734 341
734 342
734 343
734 344
734 345
734 346
734 347
734 348
734 349
735 350
735 351
735 352
735 353
735 354
735 355
735 356
735 357
735 358
735 359
736 360
736 361
736 362
736 363
736 364
736 365
736 366
736 367
736 368
736 369
737 370
737 371
737 372
737 373
737 374
737 375
737 376
737 377
737 378
737 379
738 380
738 381
738 382
738 383
738 384
738 385
738 386
738 387
738 388
738 389
739 390
739 391
739 392
739 393
739 394
739 395
739 396
739 397
739 398
739 399
740 400
740 401
740 402
740 403
740 404
740 405
740 406
740 407
740 408
740 409
741 410
741 411
741 412
741 413
741 414
741 415
741 416
741 417
741 418
741 419
742 420
742 421
742 422
742 423
742 424
742 425
742 426
742 427
742 428
742 429
743 430
743 431
743 432
743 433
743 434
743 435
743 436
743 437
743 438
743 439
744 440
744 441
744 442
744 443
744 444
744 445
744 446
744 447
744 448
744 449
745 450
745 451
745 452
745 453
745 454
745 455
745 456
745 457
745 458
745 459
746 460
746 461
746 462
746 463
746 464
746 465
746 466
746 467
746 468
746 469
747 470
747 471
747 472
747 473
747 474
747 475
747 476
747 477
747 478
747 479
748 480
748 481
748 482
748 483
748 484
748 485
748 486
748 487
748 488
748 489
749 490
749 491
749 492
749 493
749 494
749 495
749 496
749 497
749 498
749 499
750 500
750 501
750 502
750 503
750 504
750 505
750 506
750 507
750 508
750 509
751 510
751 511
751 512
751 513
751 514
751 515
751 516
751 517
751 518
751 519
752 520
752 521
752 522
752 523
752 524
752 525
752 526
752 527
752 528
752 529
753 530
753 531
753 532
753 533
753 534
753 535
753 536
753 537
753 538
753 539
754 540
754 541
754 542
754 543
754 544
754 545
754 546
754 547
754 548
754 549
755 550
755 551
755 552
755 553
755 554
755 555
755 556
755 557
755 558
755 559
756 560
756 561
756 562
756 563
756 564
756 565
756 566
756 567
756 568
756 569
757 570
757 571
757 572
757 573
757 574
757 575
757 576
757 577
757 578
757 579
758 580
758 581
758 582
758 583
758 584
758 585
758 586
758 587
758 588
758 589
759 590
759 591
759 592
759 593
759 594
759 595
759 596
759 597
759 598
759 599
760 600
760 601
760 602
760 603
760 604
760 605
760 606
760 607
760 608
760 609
761 610
761 611
761 612
761 613
761 614
761 615
761 616
761 617
761 618
761 619
762 620
762 621
762 622
762 623
762 624
762 625
762 626
762 627
762 628
762 629
763 630
763 631
763 632
763 633
763 634
763 635
763 636
763 637
763 638
763 639
764 640
764 641
764 642
764 643
764 644
764 645
764 646
764 647
764 648
764 649
765 650
765 651
765 652
765 653
765 654
765 655
765 656
765 657
765 658
765 659
766 660
766 661
766 662
766 663
766 664
766 665
766 666
766 667
766 668
766 669
767 670
767 671
767 672
767 673
767 674
767 675
767 676
767 677
767 678
767 679
768 680
768 681
768 682
768 683
768 684
768 685
768 686
768 687
768 688
768 689
769 690
769 691
769 692
769 693
769 694
769 695
769 696
769 697
769 698
769 699
770 700
770 701
770 702
770 703
770 704
770 705
770 706
770 707
770 708
770 709
771 710
771 711
771 712
771 713
771 714
771 715
771 716
771 717
771 718
771 719
772 720
772 721
772 722
772 723
772 724
772 725
772 726
772 727
772 728
772 729
773 730
773 731
773 732
773 733
773 734
773 735
773 736
773 737
773 738
773 739
774 740
774 741
774 742
774 743
774 744
774 745
774 746
774 747
774 748
774 749
775 750
775 751
775 752
775 753
775 754
775 755
775 756
775 757
775 758
775 759
776 760
776 761
776 762
776 763
776 764
776 765
776 766
776 767
776 768
776 769
777 770
777 771
777 772
777 773
777 774
777 775
777 776
777 777
777 778
777 779
778 780
778 781
778 782
778 783
778 784
778 785
778 786
778 787
778 788
778 789
779 790
779 791
779 792
779 793
779 794
779 795
779 796
779 797
779 798
779 799
780 800
780 801
780 802
780 803
780 804
780 805
780 806
780 807
780 808
780 809
781 810
781 811
781 812
781 813
781 814
781 815
781 816
781 817
781 818
781 819
782 820
782 821
782 822
782 823
782 824
782 825
782 826
782 827
782 828
782 829
783 830
783 831
783 832
783 833
783 834
783 835
783 836
783 837
783 838
783 839
784 840
784 841
784 842
784 843
784 844
784 845
784 846
784 847
784 848
784 849
785 850
785 851
785 852
785 853
785 854
785 855
785 856
785 857
785 858
785 859
786 860
786 861
786 862
786 863
786 864
786 865
786 866
786 867
786 868
786 869
787 870
787 871
787 872
787 873
787 874
787 875
787 876
787 877
787 878
787 879
788 880
788 881
788 882
788 883
788 884
788 885
788 886
788 887
788 888
788 889
789 890
789 891
789 892
789 893
789 894
789 895
789 896
789 897
789 898
789 899
790 900
790 901
790 902
790 903
790 904
790 905
790 906
790 907
790 908
790 909
791 910
791 911
791 912
791 913
791 914
791 915
791 916
791 917
791 918
791 919
792 920
792 921
792 922
792 923
792 924
792 925
792 926
792 927
792 928
792 929
793 930
793 931
793 932
793 933
793 934
793 935
793 936
793 937
793 938
793 939
794 940
794 941
794 942
794 943
794 944
794 945
794 946
794 947
794 948
794 949
795 950
795 951
795 952
795 953
795 954
795 955
795 956
795 957
795 958
795 959
796 960
796 961
796 962
796 963
796 964
796 965
796 966
796 967
796 968
796 969
797 970
797 971
797 972
797 973
797 974
797 975
797 976
797 977
797 978
797 979
798 980
798 981
798 982
798 983
798 984
798 985
798 986
798 987
798 988
798 989
799 990
799 991
799 992
799 993
799 994
799 995
799 996
799 997
799 998
799 999
800 1000
800 1
800 2
800 3
800 4
800 5
800 6
800 7
800 8
800 9
801 10
801 11
801 12
801 13
801 14
801 15
801 16
801 17
801 18
801 19
802 20
802 21
802 22
802 23
802 24
802 25
802 26
802 27
802 28
802 29
803 30
803 31
803 32
803 33
803 34
803 35
803 36
803 37
803 38
803 39
804 40
804 41
804 42
804 43
804 44
804 45
804 46
804 47
804 48
804 49
805 50
805 51
805 52
805 53
805 54
805 55
805 56
805 57
805 58
805 59
806 60
806 61
806 62
806 63
806 64
806 65
806 66
806 67
806 68
806 69
807 70
807 71
807 72
807 73
807 74
807 75
807 76
807 77
807 78
807 79
808 80
808 81
808 82
808 83
808 84
808 85
808 86
808 87
808 88
808 89
809 90
809 91
809 92
809 93
809 94
809 95
809 96
809 97
809 98
809 99
810 100
810 101
810 102
810 103
810 104
810 105
810 106
810 107
810 108
810 109
811 110
811 111
811 112
811 113
811 114
811 115
811 116
811 117
811 118
811 119
812 120
812 121
812 122
812 123
812 124
812 125
812 126
812 127
812 128
812 129
813 130
813 131
813 132
813 133
813 134
813 135
813 136
813 137
813 138
813 139
814 140
814 141
814 142
814 143
814 144
814 145
814 146
814 147
814 148
814 149
815 150
815 151
815 152
815 153
815 154
815 155
815 156
815 157
815 158
815 159
816 160
816 161
816 162
816 163
816 164
816 165
816 166
816 167
816 168
816 169
817 170
817 171
817 172
817 173
817 174
817 175
817 176
817 177
817 178
817 179
818 180
818 181
818 182
818 183
818 184
818 185
818 186
818 187
818 188
818 189
819 190
819 191
819 192
819 193
819 194
819 195
819 196
819 197
819 198
819 199
820 200
820 201
820 202
820 203
820 204
820 205
820 206
820 207
820 208
820 209
821 210
821 211
821 212
821 213
821 214
821 215
821 216
821 217
821 218
821 219
822 220
822 221
822 222
822 223
822 224
822 225
822 226
822 227
822 228
822 229
823 230
823 231
823 232
823 233
823 234
823 235
823 236
823 237
823 238
823 239
824 240
824 241
824 242
824 243
824 244
824 245
824 246
824 247
824 248
824 249
825 250
825 251
825 252
825 253
825 254
825 255
825 256
825 257
825 258
825 259
826 260
826 261
826 262
826 263
826 264
826 265
826 266
826 267
826 268
826 269
827 270
827 271
827 272
827 273
827 274
827 275
827 276
827 277
827 278
827 279
828 280
828 281
828 282
828 283
828 284
828 285
828 286
828 287
828 288
828 289
829 290
829 291
829 292
829 293
829 294
829 295
829 296
829 297
829 298
829 299
830 300
830 301
830 302
830 303
830 304
830 305
830 306
830 307
830 308
830 309
831 310
831 311
831 312
831 313
831 314
831 315
831 316
831 317
831 318
831 319
832 320
832 321
832 322
832 323
832 324
832 325
832 326
832 327
832 328
832 329
833 330
833 331
833 332
833 333
833 334
833 335
833 336
833 337
833 338
833 339
834 340
834 341
834 342
834 343
834 344
834 345
834 346
834 347
834 348
834 349
835 350
835 351
835 352
835 353
835 354
835 355
835 356
835 357
835 358
835 359
836 360
836 361
836 362
836 363
836 364
836 365
836 366
836 367
836 368
836 369
837 370
837 371
837 372
837 373
837 374
837 375
837 376
837 377
837 378
837 379
838 380
838 381
838 382
838 383
838 384
838 385
838 386
838 387
838 388
838 389
839 390
839 391
839 392
839 393
839 394
839 395
839 396
839 397
839 398
839 399
840 400
840 401
840 402
840 403
840 404
840 405
840 406
840 407
840 408
840 409
841 410
841 411
841 412
841 413
841 414
841 415
841 416
841 417
841 418
841 419
842 420
842 421
842 422
842 423
842 424
842 425
842 426
842 427
842 428
842 429
843 430
843 431
843 432
843 433
843 434
843 435
843 436
843 437
843 438
843 439
844 440
844 441
844 442
844 443
844 444
844 445
844 446
844 447
844 448
844 449
845 450
845 451
845 452
845 453
845 454
845 455
845 456
845 457
845 458
845 459
846 460
846 461
846 462
846 463
846 464
846 465
846 466
846 467
846 468
846 469
847 470
847 471
847 472
847 473
847 474
847 475
847 476
847 477
847 478
847 479
848 480
848 481
848 482
848 483
848 484
848 485
848 486
848 487
848 488
848 489
849 490
849 491
849 492
849 493
849 494
849 495
849 496
849 497
849 498
849 499
850 500
850 501
850 502
850 503
850 504
850 505
850 506
850 507
850 508
850 509
851 510
851 511
851 512
851 513
851 514
851 515
851 516
851 517
851 518
851 519
852 520
852 521
852 522
852 523
852 524
852 525
852 526
852 527
852 528
852 529
853 530
853 531
853 532
853 533
853 534
853 535
853 536
853 537
853 538
853 539
854 540
854 541
854 542
854 543
854 544
854 545
854 546
854 547
854 548
854 549
855 550
855 551
855 552
855 553
855 554
855 555
855 556
855 557
855 558
855 559
856 560
856 561
856 562
856 563
856 564
856 565
856 566
856 567
856 568
856 569
857 570
857 571
857 572
857 573
857 574
857 575
857 576
857 577
857 578
857 579
858 580
858 581
858 582
858 583
858 584
858 585
858 586
858 587
858 588
858 589
859 590
859 591
859 592
859 593
859 594
859 595
859 596
859 597
859 598
859 599
860 600
860 601
860 602
860 603
860 604
860 605
860 606
860 607
860 608
860 609
861 610
861 611
861 612
861 613
861 614
861 615
861 616
861 617
861 618
861 619
862 620
862 621
862 622
862 623
862 624
862 625
862 626
862 627
862 628
862 629
863 630
863 631
863 632
863 633
863 634
863 635
863 636
863 637
863 638
863 639
864 640
864 641
864 642
864 643
864 644
864 645
864 646
864 647
864 648
864 649
865 650
865 651
865 652
865 653
865 654
865 655
865 656
865 657
865 658
865 659
866 660
866 661
866 662
866 663
866 664
866 665
866 666
866 667
866 668
866 669
867 670
867 671
867 672
867 673
867 674
867 675
867 676
867 677
867 678
867 679
868 680
868 681
868 682
868 683
868 684
868 685
868 686
868 687
868 688
868 689
869 690
869 691
869 692
869 693
869 694
869 695
869 696
869 697
869 698
869 699
870 700
870 701
870 702
870 703
870 704
870 705
870 706
870 707
870 708
870 709
871 710
871 711
871 712
871 713
871 714
871 715
871 716
871 717
871 718
871 719
872 720
872 721
872 722
872 723
872 724
872 725
872 726
872 727
872 728
872 729
873 730
873 731
873 732
873 733
873 734
873 735
873 736
873 737
873 738
873 739
874 740
874 741
874 742
874 743
874 744
874 745
874 746
874 747
874 748
874 749
875 750
875 751
875 752
875 753
875 754
875 755
875 756
875 757
875 758
875 759
876 760
876 761
876 762
876 763
876 764
876 765
876 766
876 767
876 768
876 769
877 770
877 771
877 772
877 773
877 774
877 775
877 776
877 777
877 778
877 779
878 780
878 781
878 782
878 783
878 784
878 785
878 786
878 787
878 788
878 789
879 790
879 791
879 792
879 793
879 794
879 795
879 796
879 797
879 798
879 799
880 800
880 801
880 802
880 803
880 804
880 805
880 806
880 807
880 808
880 809
881 810
881 811
881 812
881 813
881 814
881 815
881 816
881 817
881 818
881 819
882 820
882 821
882 822
882 823
882 824
882 825
882 826
882 827
882 828
882 829
883 830
883 831
883 832
883 833
883 834
883 835
883 836
883 837
883 838
883 839
884 840
884 841
884 842
884 843
884 844
884 845
884 846
884 847
884 848
884 849
885 850
885 851
885 852
885 853
885 854
885 855
885 856
885 857
885 858
885 859
886 860
886 861
886 862
886 863
886 864
886 865
886 866
886 867
886 868
886 869
887 870
887 871
887 872
887 873
887 874
887 875
887 876
887 877
887 878
887 879
888 880
888 881
888 882
888 883
888 884
888 885
888 886
888 887
888 888
888 889
889 890
889 891
889 892
889 893
889 894
889 895
889 896
889 897
889 898
889 899
890 900
890 901
890 902
890 903
890 904
890 905
890 906
890 907
890 908
890 909
891 910
891 911
891 912
891 913
891 914
891 915
891 916
891 917
891 918
891 919
892 920
892 921
892 922
892 923
892 924
892 925
892 926
892 927
892 928
892 929
893 930
893 931
893 932
893 933
893 934
893 935
893 936
893 937
893 938
893 939
894 940
894 941
894 942
894 943
894 944
894 945
894 946
894 947
894 948
894 949
895 950
895 951
895 952
895 953
895 954
895 955
895 956
895 957
895 958
895 959
896 960
896 961
896 962
896 963
896 964
896 965
896 966
896 967
896 968
896 969
897 970
897 971
897 972
897 973
897 974
897 975
897 976
897 977
897 978
897 979
898 980
898 981
898 982
898 983
898 984
898 985
898 986
898 987
898 988
898 989
899 990
899 991
899 992
899 993
899 994
899 995
899 996
899 997
899 998
899 999
900 1000
900 1
900 2
900 3
900 4
900 5
900 6
900 7
900 8
900 9
901 10
901 11
901 12
901 13
901 14
901 15
901 16
901 17
901 18
901 19
902 20
902 21
902 22
902 23
902 24
902 25
902 26
902 27
902 28
902 29
903 30
903 31
903 32
903 33
903 34
903 35
903 36
903 37
903 38
903 39
904 40
904 41
904 42
904 43
904 44
904 45
904 46
904 47
904 48
904 49
905 50
905 51
905 52
905 53
905 54
905 55
905 56
905 57
905 58
905 59
906 60
906 61
906 62
906 63
906 64
906 65
906 66
906 67
906 68
906 69
907 70
907 71
907 72
907 73
907 74
907 75
907 76
907 77
907 78
907 79
908 80
908 81
908 82
908 83
908 84
908 85
908 86
908 87
908 88
908 89
909 90
909 91
909 92
909 93
909 94
909 95
909 96
909 97
909 98
909 99
910 100
910 101
910 102
910 103
910 104
910 105
910 106
910 107
910 108
910 109
911 110
911 111
911 112
911 113
911 114
911 115
911 116
911 117
911 118
911 119
912 120
912 121
912 122
912 123
912 124
912 125
912 126
912 127
912 128
912 129
913 130
913 131
913 132
913 133
913 134
913 135
913 136
913 137
913 138
913 139
914 140
914 141
914 142
914 143
914 144
914 145
914 146
914 147
914 148
914 149
915 150
915 151
915 152
915 153
915 154
915 155
915 156
915 157
915 158
915 159
916 160
916 161
916 162
916 163
916 164
916 165
916 166
916 167
916 168
916 169
917 170
917 171
917 172
917 173
917 174
917 175
917 176
917 177
917 178
917 179
918 180
918 181
918 182
918 183
918 184
918 185
918 186
918 187
918 188
918 189
919 190
919 191
919 192
919 193
919 194
919 195
919 196
919 197
919 198
919 199
920 200
920 201
920 202
920 203
920 204
920 205
920 206
920 207
920 208
920 209
921 210
921 211
921 212
921 213
921 214
921 215
921 216
921 217
921 218
921 219
922 220
922 221
922 222
922 223
922 224
922 225
922 226
922 227
922 228
922 229
923 230
923 231
923 232
923 233
923 234
923 235
923 236
923 237
923 238
923 239
924 240
924 241
924 242
924 243
924 244
924 245
924 246
924 247
924 248
924 249
925 250
925 251
925 252
925 253
925 254
925 255
925 256
925 257
925 258
925 259
926 260
926 261
926 262
926 263
926 264
926 265
926 266
926 267
926 268
926 269
927 270
927 271
927 272
927 273
927 274
927 275
927 276
927 277
927 278
927 279
928 280
928 281
928 282
928 283
928 284
928 285
928 286
928 287
928 288
928 289
929 290
929 291
929 292
929 293
929 294
929 295
929 296
929 297
929 298
929 299
930 300
930 301
930 302
930 303
930 304
930 305
930 306
930 307
930 308
930 309
931 310
931 311
931 312
931 313
931 314
931 315
931 316
931 317
931 318
931 319
932 320
932 321
932 322
932 323
932 324
932 325
932 326
932 327
932 328
932 329
933 330
933 331
933 332
933 333
933 334
933 335
933 336
933 337
933 338
933 339
934 340
934 341
934 342
934 343
934 344
934 345
934 346
934 347
934 348
934 349
935 350
935 351
935 352
935 353
935 354
935 355
935 356
935 357
935 358
935 359
936 360
936 361
936 362
936 363
936 364
936 365
936 366
936 367
936 368
936 369
937 370
937 371
937 372
937 373
937 374
937 375
937 376
937 377
937 378
937 379
938 380
938 381
938 382
938 383
938 384
938 385
938 386
938 387
938 388
938 389
939 390
939 391
939 392
939 393
939 394
939 395
939 396
939 397
939 398
939 399
940 400
940 401
940 402
940 403
940 404
940 405
940 406
940 407
940 408
940 409
941 410
941 411
941 412
941 413
941 414
941 415
941 416
941 417
941 418
941 419
942 420
942 421
942 422
942 423
942 424
942 425
942 426
942 427
942 428
942 429
943 430
943 431
943 432
943 433
943 434
943 435
943 436
943 437
943 438
943 439
944 440
944 441
944 442
944 443
944 444
944 445
944 446
944 447
944 448
944 449
945 450
945 451
945 452
945 453
945 454
945 455
945 456
945 457
945 458
945 459
946 460
946 461
946 462
946 463
946 464
946 465
946 466
946 467
946 468
946 469
947 470
947 471
947 472
947 473
947 474
947 475
947 476
947 477
947 478
947 479
948 480
948 481
948 482
948 483
948 484
948 485
948 486
948 487
948 488
948 489
949 490
949 491
949 492
949 493
949 494
949 495
949 496
949 497
949 498
949 499
950 500
950 501
950 502
950 503
950 504
950 505
950 506
950 507
950 508
950 509
951 510
951 511
951 512
951 513
951 514
951 515
951 516
951 517
951 518
951 519
952 520
952 521
952 522
952 523
952 524
952 525
952 526
952 527
952 528
952 529
953 530
953 531
953 532
953 533
953 534
953 535
953 536
953 537
953 538
953 539
954 540
954 541
954 542
954 543
954 544
954 545
954 546
954 547
954 548
954 549
955 550
955 551
955 552
955 553
955 554
955 555
955 556
955 557
955 558
955 559
956 560
956 561
956 562
956 563
956 564
956 565
956 566
956 567
956 568
956 569
957 570
957 571
957 572
957 573
957 574
957 575
957 576
957 577
957 578
957 579
958 580
958 581
958 582
958 583
958 584
958 585
958 586
958 587
958 588
958 589
959 590
959 591
959 592
959 593
959 594
959 595
959 596
959 597
959 598
959 599
960 600
960 601
960 602
960 603
960 604
960 605
960 606
960 607
960 608
960 609
961 610
961 611
961 612
961 613
961 614
961 615
961 616
961 617
961 618
961 619
962 620
962 621
962 622
962 623
962 624
962 625
962 626
962 627
962 628
962 629
963 630
963 631
963 632
963 633
963 634
963 635
963 636
963 637
963 638
963 639
964 640
964 641
964 642
964 643
964 644
964 645
964 646
964 647
964 648
964 649
965 650
965 651
965 652
965 653
965 654
965 655
965 656
965 657
965 658
965 659
966 660
966 661
966 662
966 663
966 664
966 665
966 666
966 667
966 668
966 669
967 670
967 671
967 672
967 673
967 674
967 675
967 676
967 677
967 678
967 679
968 680
968 681
968 682
968 683
968 684
968 685
968 686
968 687
968 688
968 689
969 690
969 691
969 692
969 693
969 694
969 695
969 696
969 697
969 698
969 699
970 700
970 701
970 702
970 703
970 704
970 705
970 706
970 707
970 708
970 709
971 710
971 711
971 712
971 713
971 714
971 715
971 716
971 717
971 718
971 719
972 720
972 721
972 722
972 723
972 724
972 725
972 726
972 727
972 728
972 729
973 730
973 731
973 732
973 733
973 734
973 735
973 736
973 737
973 738
973 739
974 740
974 741
974 742
974 743
974 744
974 745
974 746
974 747
974 748
974 749
975 750
975 751
975 752
975 753
975 754
975 755
975 756
975 757
975 758
975 759
976 760
976 761
976 762
976 763
976 764
976 765
976 766
976 767
976 768
976 769
977 770
977 771
977 772
977 773
977 774
977 775
977 776
977 777
977 778
977 779
978 780
978 781
978 782
978 783
978 784
978 785
978 786
978 787
978 788
978 789
979 790
979 791
979 792
979 793
979 794
979 795
979 796
979 797
979 798
979 799
980 800
980 801
980 802
980 803
980 804
980 805
980 806
980 807
980 808
980 809
981 810
981 811
981 812
981 813
981 814
981 815
981 816
981 817
981 818
981 819
982 820
982 821
982 822
982 823
982 824
982 825
982 826
982 827
982 828
982 829
983 830
983 831
983 832
983 833
983 834
983 835
983 836
983 837
983 838
983 839
984 840
984 841
984 842
984 843
984 844
984 845
984 846
984 847
984 848
984 849
985 850
985 851
985 852
985 853
985 854
985 855
985 856
985 857
985 858
985 859
986 860
986 861
986 862
986 863
986 864
986 865
986 866
986 867
986 868
986 869
987 870
987 871
987 872
987 873
987 874
987 875
987 876
987 877
987 878
987 879
988 880
988 881
988 882
988 883
988 884
988 885
988 886
988 887
988 888
988 889
989 890
989 891
989 892
989 893
989 894
989 895
989 896
989 897
989 898
989 899
990 900
990 901
990 902
990 903
990 904
990 905
990 906
990 907
990 908
990 909
991 910
991 911
991 912
991 913
991 914
991 915
991 916
991 917
991 918
991 919
992 920
992 921
992 922
992 923
992 924
992 925
992 926
992 927
992 928
992 929
993 930
993 931
993 932
993 933
993 934
993 935
993 936
993 937
993 938
993 939
994 940
994 941
994 942
994 943
994 944
994 945
994 946
994 947
994 948
994 949
995 950
995 951
995 952
995 953
995 954
995 955
995 956
995 957
995 958
995 959
996 960
996 961
996 962
996 963
996 964
996 965
996 966
996 967
996 968
996 969
997 970
997 971
997 972
997 973
997 974
997 975
997 976
997 977
997 978
997 979
998 980
998 981
998 982
998 983
998 984
998 985
998 986
998 987
998 988
998 989
999 990
999 991
999 992
999 993
999 994
999 995
999 996
999 997
999 998
999 999
1000 1000
